1.04 2
1.0 0
1.6 2
1.16 1
1.04 2
1.0 2
1.16 1
1.0 2
1.6 2
0.958333333333 1
2.08 3
0.666666666667 0
1.875 2
1.4 0
1.88888888889 1
1.4 3
2.08 2
0.916666666667 2
2.6 2
1.08 2
0.954545454545 1
2.08 2
1.86363636364 2
1.28 0
1.16 1
2.0 5
1.6 2
1.2 4
1.76 2
1.04 2
1.76 3
1.04 3
2.08 4
1.13333333333 3
1.36 2
1.09090909091 1
0.954545454545 0
2.08 1
1.0 0
2.08 0
1.76 1
0.56 3
2.6 2
1.08 2
1.76 1
0.833333333333 0
2.08 1
0.916666666667 3
1.6 3
0.5 0
1.76 2
0.56 2
1.66666666667 2
1.28 2
0.96 2
2.08 2
1.69230769231 1
1.08 0
1.16 3
1.12 2
1.4 1
1.28 2
2.33333333333 1
1.4 1
1.36 3
1.6 2
1.16 0
2.15 2
1.52 2
0.9 1
1.16 0
0.8 1
0.96 1
2.08 0
1.16 0
1.12 0
1.55555555556 0
1.08 2
1.6 0
1.0 1
1.16 0
1.70826507993 3
2.6 2
1.08 0
1.6 3
1.16 0
1.90909090909 1
1.08 1
1.36363636364 1
1.12 0
0.96 0
2.08 2
1.04 0
1.26666666667 1
1.4 0
1.28 0
1.52 0
0.666666666667 0
1.86363636364 2
1.28 1
0.5 0
1.08 0
1.52 1
0.666666666667 3
1.76 1
1.04 2
1.76 0
0.56 0
2.4 1
0.64 0
1.16 3
0.8 3
1.6 5
1.0 2
1.52 1
1.66666666667 0
1.76 2
1.04 1
1.32 0
1.12 1
1.0 2
1.12 0
1.0 2
1.12 2
1.52 0
0.666666666667 0
2.0 2
1.08 1
0.944444444444 2
1.28 1
1.36 0
1.31578947368 6
1.4 3
1.22222222222 0
0.615384615385 3
2.08 2
1.76 2
0.56 3
1.4 1
1.04545454545 1
3.0 4
0.64 1
1.04 1
1.26666666667 1
1.0 0
1.12 0
1.0 0
1.4 1
1.88888888889 1
1.4 1
1.0 2
1.12 2
1.4 0
1.2 1
0.96 3
2.08 0
1.36 1
1.68 2
1.2 2
0.88 0
1.4 2
0.88 0
1.52 2
0.666666666667 0
1.04 0
1.57142857143 3
1.52 1
0.666666666667 1
1.36 0
1.6 4
1.6 4
1.08 0
1.875 1
1.4 0
1.6 1
1.4 2
1.76 1
0.8 2
1.55555555556 4
1.08 1
1.0 3
2.08 3
1.0 1
1.12 1
1.04 2
2.08 1
1.69230769231 2
1.08 2
1.4 4
0.88 1
0.96 1
2.08 3
1.42857142857 0
2.08 4
2.08 3
1.13333333333 1
1.86363636364 4
1.28 1
1.36 1
1.68 1
1.36 1
1.68 1
1.0 1
1.12 1
1.04 1
1.5 2
1.6 1
1.0 1
1.04 1
1.92 2
0.96 1
2.08 2
1.54166666667 0
1.28 0
0.96 4
2.08 2
1.36 1
1.75 1
2.0 3
1.4 0
1.21052631579 0
0.88 1
1.6 5
1.0 1
1.76 2
1.04 1
1.52 1
0.9 1
2.08 3
2.33333333333 0
1.52 2
0.9 2
1.36 0
1.31578947368 1
1.16 0
2.0 0
2.26086956522 1
1.4 2
1.36 0
1.68 1
1.6 4
0.958333333333 2
1.6 3
1.0 1
1.88888888889 5
1.4 1
2.04166666667 1
0.64 1
1.54166666667 2
1.28 1
1.76 2
1.33333333333 1
1.0 0
2.08 3
1.04 1
2.08 4
1.6 2
1.08 2
1.20833333333 1
1.08 2
1.21052631579 1
0.88 2
1.6 0
1.0 0
0.954545454545 0
2.08 2
1.76 1
1.04 1
1.04 2
1.26666666667 0
1.55555555556 2
1.08 2
1.4 2
1.2 0
1.6 1
1.4 1
0.615384615385 2
2.08 0
2.04166666667 1
0.64 0
1.54166666667 1
1.28 3
2.08 3
0.25 0
1.36 2
1.09090909091 1
0.615384615385 1
2.08 5
1.16 2
1.5 1
1.75 1
1.08 1
0.96 3
2.08 3
1.6 0
1.2 3
2.4 0
0.64 0
1.52 0
1.08 1
1.76 3
1.04 1
0.96 1
2.08 0
1.6 1
0.857142857143 2
1.16 2
2.15 3
1.33333333333 3
0.64 1
1.8 2
1.08 3
1.875 0
1.4 0
0.833333333333 2
1.28 0
1.16 2
1.33333333333 2
0.571428571429 1
1.12 1
1.92857142857 2
0.64 1
1.6 0
0.958333333333 0
1.4 1
1.0 2
2.26666666667 2
1.4 1
2.08 0
0.916666666667 0
1.6 0
1.16 0
2.5 2
1.08 1
1.875 5
1.4 1
1.0 2
2.08 0
2.08 2
0.916666666667 0
1.4 6
1.04545454545 2
1.86363636364 0
1.28 1
1.86363636364 1
1.28 4
1.16 1
2.0 0
1.4 1
0.88 0
2.5 1
1.08 0
1.86363636364 1
1.28 0
1.04 0
2.08 0
0.944444444444 1
1.28 1
1.04 1
2.08 2
0.571428571429 1
1.12 3
0.96 3
2.08 2
1.68 3
1.08 0
2.9 2
1.08 2
1.56 3
0.88 2
1.36 1
1.31578947368 1
1.4 0
1.22222222222 1
2.26086956522 0
1.4 0
1.36 2
1.68 1
1.88888888889 2
1.4 1
0.954545454545 2
2.08 0
1.16 1
1.65217391304 2
1.04 2
1.4 1
1.4 1
0.88 2
1.0 2
1.12 1
1.6 3
0.727272727273 2
1.6 6
1.16 0
1.16 4
1.65217391304 2
1.16 0
0.8 1
2.0 4
1.08 2
1.4 0
1.66666666667 2
1.76 2
1.28 0
1.20833333333 0
1.08 0
1.6 2
1.08 1
1.0 0
2.08 1
1.76 1
0.56 0
1.04 0
1.57142857143 4
1.21052631579 0
0.88 2
1.6 2
2.0 1
1.0 0
2.08 2
0.5 1
1.08 2
1.21052631579 1
0.88 1
1.36 0
1.68 1
0.944444444444 0
1.28 3
1.33333333333 2
1.08 3
1.52 1
0.666666666667 2
0.6 1
2.08 4
2.08 5
0.64 0
1.0 0
1.12 0
2.08 6
0.64 0
1.0 1
1.12 1
1.16666666667 1
0.88 3
1.6 1
1.08 0
1.16 3
2.08 1
0.96 3
2.08 0
1.4 1
1.28 2
1.6 1
0.75 0
1.36363636364 0
1.12 2
3.0 4
0.64 0
2.9 2
1.08 1
1.6 1
1.2 0
1.33333333333 2
1.08 1
1.76 2
0.56 1
1.36 1
1.68 0
1.36 1
1.68 0
1.16 3
1.12 0
2.08 5
0.64 1
1.6 2
0.958333333333 0
2.08 0
1.13333333333 0
1.54166666667 0
1.28 2
2.08 2
0.914552820219 0
2.6 1
1.08 1
1.6 3
1.2 1
2.08 1
0.916666666667 0
1.20833333333 1
1.08 1
1.36 2
1.68 2
2.5 1
1.08 0
1.4 0
1.04545454545 1
1.33333333333 1
1.12 0
1.6 2
1.2 1
1.33333333333 1
1.08 1
2.26666666667 4
1.4 3
1.0 1
2.08 1
1.69230769231 2
1.08 0
2.0 2
1.4 1
1.54166666667 2
1.28 1
1.04 1
1.57142857143 1
1.76 1
1.28 0
1.55555555556 1
1.08 3
2.26086956522 1
1.4 0
1.20833333333 2
1.08 1
2.08 1
0.64 1
1.77777777778 3
2.08 2
1.21052631579 1
0.88 2
1.52 1
1.66666666667 0
2.33333333333 3
1.4 0
1.4 3
1.2 1
1.76 3
1.15384615385 1
1.4 0
1.0 0
1.42857142857 2
2.08 2
1.16 0
1.12 2
1.20833333333 4
1.08 1
1.55555555556 1
1.08 0
1.6 4
0.333333333333 1
1.16 0
1.33333333333 1
1.76 0
1.15384615385 0
2.4 1
0.64 0
1.0 1
1.12 2
1.21052631579 0
0.88 0
1.4 2
0.88 0
0.615384615385 1
2.08 1
1.76 2
1.15384615385 0
1.16 0
1.33333333333 0
1.36 0
1.0 1
1.36 1
1.75 1
1.875 3
1.4 0
1.76 1
0.56 0
1.55555555556 2
1.08 0
1.4 0
1.66666666667 2
1.76 1
1.04 1
1.76 0
1.28 0
1.16 1
1.65217391304 0
1.55555555556 1
1.08 2
1.0 1
2.08 3
2.08 3
0.916666666667 1
1.0 0
2.08 3
1.55555555556 1
1.08 1
2.08 3
1.13333333333 0
1.04 1
1.26666666667 2
1.4 3
1.04545454545 0
1.4 1
0.88 0
2.4 3
0.64 1
1.76 3
1.0 2
1.04 0
1.28571428571 1
1.33333333333 1
0.64 0
1.6 3
1.08 1
1.6 4
1.0 3
1.92857142857 0
0.64 0
1.0 1
1.12 1
1.76 2
1.28 1
1.6 3
1.08 1
1.52 1
0.666666666667 2
1.16 0
1.65217391304 2
2.12 3
0.64 2
1.76 4
0.56 2
1.6 4
1.0 2
1.75 1
1.08 0
1.875 3
1.4 0
1.52 1
0.666666666667 3
1.6 2
0.5 1
1.6 0
0.958333333333 0
1.76 1
0.56 1
1.6 3
1.4 0
1.86363636364 2
1.28 2
1.92857142857 2
0.64 1
1.36 1
1.12 1
1.4 1
0.88 0
0.954545454545 1
2.08 0
1.52 1
0.666666666667 1
3.0 1
1.08 0
2.26086956522 3
1.4 2
2.4 5
0.64 0
1.76 1
1.04 0
0.833333333333 0
1.28 0
1.0 0
1.12 2
1.6 2
1.2 0
1.69230769231 3
1.08 0
1.76 0
1.0 0
1.16 0
1.33333333333 1
1.52 0
0.666666666667 0
2.6 1
1.08 2
1.6 4
0.727272727273 1
1.0 1
2.08 1
1.16 0
1.65217391304 2
1.88888888889 2
1.4 0
1.36 3
1.68 0
1.54166666667 0
1.28 1
1.2 0
0.88 3
1.56 2
1.28 1
1.92857142857 2
0.64 1
1.6 1
0.75 1
1.88888888889 2
1.4 0
1.20833333333 0
1.08 0
1.04 3
1.57142857143 3
1.6 3
0.958333333333 0
1.16 0
0.8 3
1.4 4
1.66666666667 1
1.52 1
0.9 0
1.16 2
1.77777777778 2
1.52 2
0.666666666667 0
3.0 5
0.64 0
2.0 1
1.4 0
0.833333333333 1
1.28 2
1.36363636364 3
1.12 3
1.4 0
1.22222222222 0
1.73333333333 3
1.12 1
1.54166666667 3
1.28 0
1.04 0
2.08 0
0.615384615385 3
2.08 2
1.52 1
0.666666666667 1
1.69230769231 2
1.08 1
1.04 0
1.28571428571 2
1.75 2
1.08 2
1.76 0
1.04 1
1.6 3
0.958333333333 0
1.6 2
1.0 0
0.5 2
1.08 2
1.52 2
1.66666666667 0
1.16 2
1.12 0
2.08 2
0.64 1
1.4 2
0.88 2
